PM_Name,PGV,PEAK_PULSE,Tp,Er-1,Er-2,pulse_type
RSN1003_NORTHR_STN020.AT2,3.747193e+01,3.552576e+01,5.700000e-01,3.675899e-01,6.395049e-02,1
RSN1003_NORTHR_STN110.AT2,4.165634e+01,3.786121e+01,6.300000e-01,3.909603e-01,7.300154e-02,1
RSN1004_NORTHR_SPV270.AT2,7.770947e+01,7.807001e+01,9.550000e-01,5.438338e-01,1.051276e-01,1
RSN1004_NORTHR_SPV360.AT2,7.648684e+01,0,1.090000e+00,1.177913e-01,1.330893e-01,0
RSN1012_NORTHR_LA0270.AT2,3.801387e+01,2.970568e+01,1,4.184532e-01,8.409833e-02,1
RSN1013_NORTHR_LDM064.AT2,7.484795e+01,7.282767e+01,2.105000e+00,4.013677e-01,3.817620e-01,2
RSN1013_NORTHR_LDM334.AT2,4.739602e+01,3.024291e+01,3.245000e+00,3.813358e-01,2.585568e-01,2
RSN1042_NORTHR_CWC270.AT2,3.080180e+01,3.032714e+01,3.140000e+00,4.346990e-01,7.929418e-02,1
RSN1044_NORTHR_NWH-UP.AT2,3.158490e+01,0,4.800000e-01,1.319688e-01,6.135186e-02,0
RSN1044_NORTHR_NWH090.AT2,7.582331e+01,4.935603e+01,2.200000e+00,2.266858e-01,4.166284e-01,1
RSN1044_NORTHR_NWH360.AT2,9.744904e+01,8.859176e+01,3.720000e+00,2.980767e-01,3.899861e-01,2
RSN1045_NORTHR_WPI046.AT2,1.182313e+02,1.177792e+02,2.370000e+00,8.491317e-01,6.612149e-02,1
RSN1045_NORTHR_WPI316.AT2,5.920306e+01,5.843712e+01,2.070000e+00,5.537261e-01,1.582054e-01,1
RSN1049_NORTHR_SUN190.AT2,3.321991e+01,0,9.400000e-01,2.077704e-01,9.081300e-02,0
RSN1050_NORTHR_PAC175.AT2,4.503987e+01,4.138703e+01,4.600000e-01,4.811677e-01,2.662481e-01,1
RSN1050_NORTHR_PAC265.AT2,3.149067e+01,2.671618e+01,1.120000e+00,4.062555e-01,2.347079e-01,2
RSN1051_NORTHR_PUL-UP.AT2,4.979386e+01,5.082895e+01,4.800000e-01,4.543857e-01,2.376465e-01,2
RSN1051_NORTHR_PUL104.AT2,5.481223e+01,0,9.200000e-01,1.962955e-01,1.754360e-01,0
RSN1051_NORTHR_PUL194.AT2,1.036005e+02,9.663310e+01,9.000000e-01,6.092332e-01,1.453613e-01,1
RSN1052_NORTHR_PKC090.AT2,3.086139e+01,0,1.460000e+00,2.032668e-01,1.866040e-01,0
RSN1052_NORTHR_PKC360.AT2,5.173430e+01,0,7.400000e-01,2.945298e-01,9.051793e-02,0
RSN1054_NORTHR_PAR--L.AT2,7.609492e+01,7.384595e+01,1.150000e+00,5.017810e-01,2.030435e-01,1
RSN1054_NORTHR_PAR--T.AT2,5.405272e+01,5.404752e+01,1.590000e+00,2.623383e-01,3.094849e-01,2
RSN1063_NORTHR_RRS-UP.AT2,4.236701e+01,0,6.500000e-01,3.013358e-01,1.284312e-01,0
RSN1063_NORTHR_RRS228.AT2,1.482002e+02,1.429907e+02,1.420000e+00,6.991760e-01,9.870143e-02,1
RSN1063_NORTHR_RRS318.AT2,7.495009e+01,6.000523e+01,2.890000e+00,3.981421e-01,4.047608e-01,2
RSN1077_NORTHR_STM090.AT2,4.176678e+01,4.021453e+01,2.120000e+00,5.126908e-01,8.024555e-02,1
RSN1080_NORTHR_KAT000.AT2,5.028416e+01,0,7.500000e-01,2.539765e-01,2.264010e-01,0
RSN1080_NORTHR_KAT090.AT2,4.450147e+01,0,6.500000e-01,2.139675e-01,9.004705e-02,0
RSN1082_NORTHR_RO3090.AT2,4.278657e+01,0,9.400000e-01,2.719884e-01,1.430512e-01,0
RSN1084_NORTHR_SCS052.AT2,1.163112e+02,9.085158e+01,2.555000e+00,4.179735e-01,1.866531e-01,1
RSN1084_NORTHR_SCS142.AT2,8.852926e+01,9.124843e+01,1.225000e+00,4.559586e-01,2.064366e-01,1
RSN1085_NORTHR_SCE011.AT2,1.209718e+02,7.767845e+01,4.380000e+00,4.580554e-01,2.434855e-01,2
RSN1085_NORTHR_SCE281.AT2,6.042756e+01,6.082445e+01,2.115000e+00,5.753757e-01,1.062681e-01,1
RSN1086_NORTHR_SYL090.AT2,7.778485e+01,5.633673e+01,2.520000e+00,4.283624e-01,1.735884e-01,1
RSN1086_NORTHR_SYL360.AT2,1.303818e+02,1.039629e+02,2.120000e+00,6.807910e-01,1.468776e-01,1
RSN1087_NORTHR_TAR-UP.AT2,7.312303e+01,0,8.160000e+00,2.972100e-01,8.358903e-02,0
RSN1087_NORTHR_TAR090.AT2,1.166779e+02,0,8.000000e-01,3.058196e-01,6.180432e-02,0
RSN1087_NORTHR_TAR360.AT2,7.864700e+01,0,6.860000e+00,1.633540e-01,9.066487e-02,0
RSN1101_KOBE_AMA000.AT2,3.362131e+01,0,4.280000e+00,1.775362e-01,2.050047e-01,0
RSN1101_KOBE_AMA090.AT2,4.470572e+01,0,2.040000e+00,1.451157e-01,1.789407e-01,0
RSN1104_KOBE_FKS000.AT2,3.147913e+01,0,3.740000e+00,7.398952e-02,8.168461e-02,0
RSN1104_KOBE_FKS090.AT2,3.049609e+01,0,2.350000e+00,9.475985e-02,1.268279e-01,0
RSN1106_KOBE_KJM-UP.AT2,4.042247e+01,3.486557e+01,1.680000e+00,4.251033e-01,1.080453e-01,1
RSN1106_KOBE_KJM000.AT2,9.167150e+01,0,1.520000e+00,2.729305e-01,1.193573e-01,0
RSN1106_KOBE_KJM090.AT2,7.614108e+01,7.522015e+01,1.300000e+00,4.042351e-01,1.859263e-01,1
RSN1108_KOBE_KBU000.AT2,5.554406e+01,5.564008e+01,1.480000e+00,4.693885e-01,2.827759e-01,1
RSN1108_KOBE_KBU090.AT2,3.040684e+01,2.399594e+01,2.230000e+00,3.216022e-01,2.267820e-01,1
RSN1111_KOBE_NIS000.AT2,4.686011e+01,0,5.600000e-01,1.604373e-01,1.173532e-01,0
RSN1111_KOBE_NIS090.AT2,3.839633e+01,0,5.350000e+00,2.155408e-01,1.180624e-01,0
RSN1114_KOBE_PRI-UP.AT2,6.214084e+01,6.041537e+01,2.320000e+00,5.854778e-01,8.587738e-02,1
RSN1114_KOBE_PRI000.AT2,9.068511e+01,9.038122e+01,2.140000e+00,5.920953e-01,1.191875e-01,1
RSN1114_KOBE_PRI090.AT2,5.123714e+01,3.603150e+01,4.600000e+00,3.474452e-01,1.449673e-01,1
RSN1116_KOBE_SHI000.AT2,3.139589e+01,2.996530e+01,1.390000e+00,3.522978e-01,1.903283e-01,1
RSN1119_KOBE_TAZ-UP.AT2,3.493160e+01,2.553487e+01,1.360000e+00,3.706981e-01,1.436047e-01,1
RSN1119_KOBE_TAZ000.AT2,6.853841e+01,5.684121e+01,2.010000e+00,5.296114e-01,2.261372e-01,1
RSN1119_KOBE_TAZ090.AT2,8.634107e+01,6.093409e+01,1.740000e+00,6.142452e-01,1.361523e-01,1
RSN1120_KOBE_TAK000.AT2,1.207283e+02,1.225371e+02,1.640000e+00,4.648403e-01,9.445230e-02,1
RSN1120_KOBE_TAK090.AT2,1.230071e+02,1.227448e+02,1.630000e+00,4.301495e-01,1.418940e-01,1
RSN1141_DINAR_DIN090.AT2,4.533778e+01,0,1.660000e+00,1.366002e-01,1.374340e-01,0
RSN1148_KOCAELI_ARE090.AT2,4.007631e+01,3.793302e+01,5.805000e+00,8.384008e-01,1.219362e-01,1
RSN1158_KOCAELI_DZC180.AT2,5.886580e+01,5.791240e+01,4.400000e+00,6.348822e-01,1.731165e-01,1
RSN1158_KOCAELI_DZC270.AT2,5.566780e+01,4.612907e+01,2.030000e+00,4.033454e-01,1.991489e-01,1
RSN1161_KOCAELI_GBZ000.AT2,4.460633e+01,2.996479e+01,8.460000e+00,5.081439e-01,1.081745e-01,1
RSN1161_KOCAELI_GBZ270.AT2,3.267096e+01,3.091847e+01,5.955000e+00,7.438008e-01,1.002729e-01,1
RSN1165_KOCAELI_IZT090.AT2,3.827978e+01,3.336691e+01,5.075000e+00,6.845015e-01,5.299783e-02,1
RSN1176_KOCAELI_YPT-UP.AT2,3.077766e+01,2.652121e+01,4.190000e+00,4.657318e-01,1.406535e-01,1
RSN1176_KOCAELI_YPT060.AT2,6.973170e+01,6.146437e+01,4.530000e+00,6.366064e-01,1.490998e-01,1
RSN1176_KOCAELI_YPT150.AT2,7.189454e+01,6.458701e+01,4.730000e+00,4.622634e-01,2.500775e-01,2
RSN1180_CHICHI_CHY002-N.AT2,5.622159e+01,5.663452e+01,6.972000e+00,3.372021e-01,1.810272e-01,1
RSN1180_CHICHI_CHY002-W.AT2,4.282845e+01,0,6.600000e+00,2.104699e-01,2.090039e-01,0
RSN1182_CHICHI_CHY006-N.AT2,4.233552e+01,0,1.116000e+00,1.980627e-01,1.254726e-01,0
RSN1182_CHICHI_CHY006-W.AT2,6.025854e+01,5.365326e+01,2.020000e+00,1.598456e-01,3.684182e-01,1
RSN1193_CHICHI_CHY024-E.AT2,5.113615e+01,4.817388e+01,3.980000e+00,4.677326e-01,1.911906e-01,1
RSN1193_CHICHI_CHY024-N.AT2,4.353062e+01,3.978780e+01,5.315000e+00,4.207927e-01,1.508639e-01,1
RSN1193_CHICHI_CHY024-V.AT2,4.729235e+01,4.715774e+01,4.230000e+00,4.046922e-01,1.398504e-01,1
RSN1194_CHICHI_CHY025-E.AT2,5.091941e+01,0,4.400000e+00,2.585728e-01,1.586957e-01,0
RSN1194_CHICHI_CHY025-N.AT2,3.288287e+01,0,5.315000e+00,2.002843e-01,1.391031e-01,0
RSN1194_CHICHI_CHY025-V.AT2,3.804423e+01,3.562519e+01,4.265000e+00,3.314495e-01,3.391084e-01,2
RSN1195_CHICHI_CHY026-E.AT2,4.095282e+01,0,4.860000e+00,2.871068e-01,1.559992e-01,0
RSN1197_CHICHI_CHY028-E.AT2,6.141366e+01,0,2.540000e+00,1.269859e-01,3.081227e-01,0
RSN1197_CHICHI_CHY028-N.AT2,8.577774e+01,8.381823e+01,8.150000e-01,2.995950e-01,2.884653e-01,2
RSN1197_CHICHI_CHY028-V.AT2,3.117592e+01,1.917423e+01,4.910000e+00,4.701971e-01,6.744389e-02,1
RSN1198_CHICHI_CHY029-E.AT2,3.527121e+01,0,6.950000e-01,1.193542e-01,7.217045e-02,0
RSN1198_CHICHI_CHY029-N.AT2,3.971185e+01,3.664155e+01,5.900000e+00,3.977888e-01,1.365510e-01,1
RSN1201_CHICHI_CHY034-N.AT2,4.515067e+01,0,1.132000e+00,1.934559e-01,1.582683e-01,0
RSN1201_CHICHI_CHY034-W.AT2,3.495631e+01,0,1.952000e+00,2.953624e-01,7.795051e-02,0
RSN1202_CHICHI_CHY035-E.AT2,4.366253e+01,4.349340e+01,1.195000e+00,3.379812e-01,1.306766e-01,1
RSN1202_CHICHI_CHY035-N.AT2,3.098647e+01,0,4.910000e+00,1.650076e-01,1.843175e-01,0
RSN1203_CHICHI_CHY036-E.AT2,4.172848e+01,0,1.065000e+00,1.281583e-01,8.729775e-02,0
RSN1203_CHICHI_CHY036-N.AT2,4.478441e+01,0,5.870000e+00,3.019203e-01,1.877081e-01,0
RSN1205_CHICHI_CHY041-N.AT2,3.735344e+01,0,5.350000e-01,2.022095e-01,8.042498e-02,0
RSN1227_CHICHI_CHY074-E.AT2,3.143530e+01,0,1.715000e+00,2.309838e-01,1.261522e-01,0
RSN1231_CHICHI_CHY080-E.AT2,1.068164e+02,0,1.030000e+00,3.149081e-01,2.303263e-01,0
RSN1231_CHICHI_CHY080-N.AT2,9.272509e+01,9.287054e+01,1.010000e+00,2.830393e-01,2.725835e-01,2
RSN1231_CHICHI_CHY080-V.AT2,4.100523e+01,0,4.495000e+00,2.918690e-01,8.049258e-02,0
RSN1238_CHICHI_CHY092-N.AT2,3.471409e+01,0,6.564000e+00,2.485925e-01,1.768342e-01,0
RSN1238_CHICHI_CHY092-W.AT2,5.322107e+01,5.313918e+01,4.700000e+00,3.378999e-01,1.037228e-01,1
RSN1244_CHICHI_CHY101-E.AT2,6.500946e+01,5.810933e+01,3.170000e+00,3.430645e-01,1.974835e-01,1
RSN1244_CHICHI_CHY101-N.AT2,1.092253e+02,9.161718e+01,4.575000e+00,5.007275e-01,2.643131e-01,1
RSN1246_CHICHI_CHY104-N.AT2,5.262507e+01,0,5.296000e+00,2.362977e-01,2.014602e-01,0
RSN1246_CHICHI_CHY104-V.AT2,3.314828e+01,0,3.952000e+00,2.855632e-01,1.471419e-01,0
RSN1246_CHICHI_CHY104-W.AT2,5.626492e+01,0,4.220000e+00,1.444276e-01,9.027431e-02,0
RSN125_FRIULI.A_A-TMZ270.AT2,3.053373e+01,2.833955e+01,7.400000e-01,3.324623e-01,1.175831e-01,1
RSN126_GAZLI_GAZ-UP.AT2,5.685266e+01,4.650227e+01,7.656000e-01,5.079824e-01,5.698526e-02,1
RSN126_GAZLI_GAZ000.AT2,6.631451e+01,5.714544e+01,2.488200e+00,3.838711e-01,2.749129e-01,2
RSN126_GAZLI_GAZ090.AT2,6.768785e+01,3.802320e+01,3.715800e+00,4.034865e-01,9.695521e-02,1
RSN143_TABAS_TAB-L1.AT2,9.905016e+01,7.704907e+01,3.280000e+00,3.387987e-01,2.050634e-01,1
RSN143_TABAS_TAB-T1.AT2,1.235888e+02,9.997679e+01,4.960000e+00,5.833805e-01,1.665633e-01,1
RSN143_TABAS_TAB-V1.AT2,4.211032e+01,0,2.700000e+00,2.852786e-01,1.116132e-01,0
RSN1476_CHICHI_TCU029-E.AT2,3.747535e+01,3.473463e+01,8.230000e+00,4.402572e-01,2.274613e-01,1
RSN1476_CHICHI_TCU029-N.AT2,5.187666e+01,5.167404e+01,4.170000e+00,4.903022e-01,3.005035e-01,2
RSN147_COYOTELK_G02140.AT2,3.197557e+01,2.314616e+01,1.500000e+00,6.428099e-01,8.990186e-02,1
RSN1480_CHICHI_TCU036-E.AT2,5.755356e+01,5.766160e+01,6.305000e+00,5.706762e-01,2.007987e-01,1
RSN1480_CHICHI_TCU036-N.AT2,4.754135e+01,4.239997e+01,6.080000e+00,5.145600e-01,1.364007e-01,1
RSN1481_CHICHI_TCU038-E.AT2,5.676959e+01,5.385693e+01,6.425000e+00,5.784942e-01,1.306943e-01,1
RSN1481_CHICHI_TCU038-N.AT2,3.877783e+01,3.440389e+01,7.130000e+00,5.267423e-01,5.437709e-02,1
RSN1481_CHICHI_TCU038-V.AT2,3.232029e+01,3.210549e+01,5.310000e+00,6.315581e-01,1.864405e-01,1
RSN1482_CHICHI_TCU039-E.AT2,5.528498e+01,4.940068e+01,7.700000e+00,3.806460e-01,2.303445e-01,2
RSN1482_CHICHI_TCU039-N.AT2,5.658132e+01,5.177773e+01,5.295000e+00,6.356974e-01,8.552690e-02,1
RSN1482_CHICHI_TCU039-V.AT2,5.044332e+01,5.039008e+01,4.660000e+00,5.772459e-01,2.352635e-01,1
RSN1483_CHICHI_TCU040-E.AT2,5.680995e+01,5.271985e+01,6.390000e+00,6.888998e-01,8.562189e-02,1
RSN1483_CHICHI_TCU040-N.AT2,4.732857e+01,4.538595e+01,6.910000e+00,6.775005e-01,5.324184e-02,1
RSN1484_CHICHI_TCU042-E.AT2,3.704343e+01,3.049949e+01,7.790000e+00,4.175732e-01,2.131798e-01,2
RSN1484_CHICHI_TCU042-N.AT2,3.617729e+01,0,5.840000e+00,2.368389e-01,2.462879e-01,0
RSN1485_CHICHI_TCU045-E.AT2,5.010142e+01,2.931695e+01,7.260000e+00,6.646476e-01,6.486098e-02,1
RSN1485_CHICHI_TCU045-N.AT2,4.640778e+01,0,1.050000e+00,2.211929e-01,9.872005e-02,0
RSN1486_CHICHI_TCU046-V.AT2,3.244518e+01,3.259895e+01,7.100000e+00,7.114366e-01,1.847589e-01,1
RSN1488_CHICHI_TCU048-E.AT2,3.432276e+01,2.273482e+01,1.149000e+01,3.940489e-01,8.221441e-02,1
RSN1488_CHICHI_TCU048-N.AT2,4.732531e+01,4.703504e+01,7.540000e+00,4.426741e-01,2.656516e-01,2
RSN1489_CHICHI_TCU049-E.AT2,5.357613e+01,4.012641e+01,1.093000e+01,6.939036e-01,7.048039e-02,1
RSN1489_CHICHI_TCU049-N.AT2,6.232554e+01,4.426229e+01,7.365000e+00,3.627549e-01,3.543760e-01,2
RSN1490_CHICHI_TCU050-E.AT2,3.668588e+01,2.655010e+01,1.284000e+01,5.436572e-01,1.239319e-01,1
RSN1490_CHICHI_TCU050-N.AT2,4.330037e+01,4.002360e+01,7.705000e+00,3.484697e-01,1.316910e-01,1
RSN1490_CHICHI_TCU050-V.AT2,4.216492e+01,4.149893e+01,4.755000e+00,5.209829e-01,2.046118e-01,1
RSN1491_CHICHI_TCU051-E.AT2,5.385072e+01,4.300586e+01,7.575000e+00,6.985057e-01,5.199469e-02,1
RSN1491_CHICHI_TCU051-N.AT2,4.175431e+01,3.865671e+01,9.255000e+00,4.359466e-01,1.206680e-01,1
RSN1492_CHICHI_TCU052-E.AT2,1.512122e+02,1.019955e+02,1.069500e+01,5.050835e-01,8.601957e-02,1
RSN1492_CHICHI_TCU052-N.AT2,1.723389e+02,1.696858e+02,3.860000e+00,5.343154e-01,1.348582e-01,1
RSN1492_CHICHI_TCU052-V.AT2,1.440743e+02,7.825011e+01,1.551500e+01,5.012719e-01,2.107152e-01,1
RSN1493_CHICHI_TCU053-E.AT2,3.960158e+01,3.316121e+01,1.197500e+01,6.647455e-01,6.309114e-02,1
RSN1493_CHICHI_TCU053-N.AT2,4.632998e+01,4.251011e+01,8.390000e+00,3.210591e-01,4.345344e-01,2
RSN1493_CHICHI_TCU053-V.AT2,3.252974e+01,2.317577e+01,5.485000e+00,3.491160e-01,2.981516e-01,2
RSN1494_CHICHI_TCU054-E.AT2,4.602468e+01,4.201464e+01,1.146500e+01,6.476735e-01,6.747041e-02,1
RSN1494_CHICHI_TCU054-N.AT2,4.142594e+01,2.910952e+01,8.950000e+00,3.203725e-01,2.387299e-01,2
RSN1494_CHICHI_TCU054-V.AT2,3.015171e+01,2.633929e+01,5.050000e+00,3.044440e-01,2.679540e-01,2
RSN1495_CHICHI_TCU055-E.AT2,3.313970e+01,0,3.065000e+00,1.632012e-01,1.558116e-01,0
RSN1495_CHICHI_TCU055-N.AT2,4.896955e+01,4.494713e+01,7.320000e+00,2.525840e-01,3.110834e-01,2
RSN1495_CHICHI_TCU055-V.AT2,5.908257e+01,5.152574e+01,4.875000e+00,4.550389e-01,1.978460e-01,1
RSN1496_CHICHI_TCU056-E.AT2,4.288037e+01,3.360253e+01,7.710000e+00,5.848801e-01,4.799612e-02,1
RSN1496_CHICHI_TCU056-N.AT2,3.956353e+01,3.724993e+01,7.090000e+00,4.202503e-01,1.932272e-01,1
RSN1496_CHICHI_TCU056-V.AT2,4.178850e+01,4.164942e+01,5.130000e+00,4.068709e-01,1.462637e-01,1
RSN1497_CHICHI_TCU057-E.AT2,3.822911e+01,2.203925e+01,1.361000e+01,4.505463e-01,1.555784e-01,1
RSN1497_CHICHI_TCU057-N.AT2,4.931128e+01,4.689784e+01,7.745000e+00,4.737457e-01,2.094061e-01,1
RSN1497_CHICHI_TCU057-V.AT2,3.388642e+01,3.188353e+01,4.795000e+00,4.373872e-01,1.383224e-01,1
RSN1498_CHICHI_TCU059-E.AT2,5.138236e+01,4.626991e+01,6.465000e+00,4.965487e-01,5.653161e-02,1
RSN1498_CHICHI_TCU059-N.AT2,5.351686e+01,5.101345e+01,6.125000e+00,3.566169e-01,2.553904e-01,1
RSN1499_CHICHI_TCU060-E.AT2,3.341383e+01,2.445873e+01,1.226500e+01,5.402781e-01,9.510736e-02,1
RSN1499_CHICHI_TCU060-N.AT2,4.397204e+01,4.038329e+01,7.555000e+00,4.460305e-01,3.530430e-01,2
RSN149_COYOTELK_G04360.AT2,3.185775e+01,2.888597e+01,1.195000e+00,5.053987e-01,4.493221e-02,1
RSN1500_CHICHI_TCU061-E.AT2,4.084488e+01,3.605742e+01,4.775000e+00,3.229173e-01,9.874471e-02,1
RSN1500_CHICHI_TCU061-N.AT2,3.804043e+01,0,3.985000e+00,2.183750e-01,1.598934e-01,0
RSN1501_CHICHI_TCU063-E.AT2,4.398311e+01,0,5.905000e+00,3.195861e-01,1.660848e-01,0
RSN1501_CHICHI_TCU063-N.AT2,8.283175e+01,8.040968e+01,4.710000e+00,5.380317e-01,7.923288e-02,1
RSN1501_CHICHI_TCU063-V.AT2,5.699009e+01,5.698258e+01,4.410000e+00,4.794118e-01,7.526463e-02,1
RSN1502_CHICHI_TCU064-E.AT2,4.271461e+01,4.057436e+01,6.855000e+00,4.356406e-01,1.808426e-01,1
RSN1502_CHICHI_TCU064-N.AT2,5.531273e+01,5.263188e+01,6.785000e+00,4.667662e-01,3.314503e-01,2
RSN1502_CHICHI_TCU064-V.AT2,3.217199e+01,0,5.820000e+00,2.441059e-01,2.557592e-01,0
RSN1503_CHICHI_TCU065-E.AT2,1.253504e+02,1.036640e+02,4.900000e+00,4.550662e-01,1.453212e-01,1
RSN1503_CHICHI_TCU065-N.AT2,9.212855e+01,0,6.235000e+00,2.010415e-01,7.716618e-02,0
RSN1503_CHICHI_TCU065-V.AT2,6.941348e+01,6.788227e+01,4.190000e+00,5.532317e-01,1.475747e-01,1
RSN1504_CHICHI_TCU067-E.AT2,9.206841e+01,8.913724e+01,2.300000e+00,4.071222e-01,4.451012e-02,1
RSN1504_CHICHI_TCU067-N.AT2,5.130207e+01,0,2.460000e+00,1.842002e-01,2.006414e-01,0
RSN1504_CHICHI_TCU067-V.AT2,4.982863e+01,3.663362e+01,4.585000e+00,4.350760e-01,1.854878e-01,1
RSN1505_CHICHI_TCU068-E.AT2,2.495962e+02,2.042404e+02,1.032500e+01,8.265458e-01,1.904866e-02,1
RSN1505_CHICHI_TCU068-N.AT2,2.641120e+02,2.388934e+02,1.021000e+01,9.041735e-01,6.798944e-03,1
RSN1505_CHICHI_TCU068-V.AT2,2.131408e+02,2.046988e+02,1.048500e+01,8.975159e-01,4.238875e-02,1
RSN1506_CHICHI_TCU070-E.AT2,4.756129e+01,0,4.865000e+00,1.108448e-01,2.304228e-01,0
RSN1506_CHICHI_TCU070-N.AT2,6.020799e+01,5.851416e+01,6.185000e+00,3.641018e-01,3.396864e-01,2
RSN1506_CHICHI_TCU070-V.AT2,3.623013e+01,3.529494e+01,4.770000e+00,4.089699e-01,1.888008e-01,1
RSN1507_CHICHI_TCU071-E.AT2,5.234080e+01,0,1.180000e+00,1.180633e-01,9.964523e-02,0
RSN1507_CHICHI_TCU071-N.AT2,6.760185e+01,0,6.955000e+00,2.885801e-01,6.365712e-02,0
RSN1507_CHICHI_TCU071-V.AT2,3.804844e+01,3.064724e+01,6.195000e+00,3.640155e-01,2.325661e-01,1
RSN1508_CHICHI_TCU072-E.AT2,7.195174e+01,0,8.800000e-01,1.902382e-01,9.311409e-02,0
RSN1508_CHICHI_TCU072-N.AT2,5.253681e+01,0,6.155000e+00,2.019648e-01,1.575010e-01,0
RSN1509_CHICHI_TCU074-E.AT2,7.037399e+01,0,1.815000e+00,2.892829e-01,2.127914e-01,0
RSN1509_CHICHI_TCU074-N.AT2,4.495922e+01,0,1.120000e+00,2.221644e-01,9.268172e-02,0
RSN150_COYOTELK_G06230.AT2,4.435902e+01,4.554052e+01,2.175000e+00,3.556350e-01,2.465743e-01,2
RSN1510_CHICHI_TCU075-E.AT2,1.095617e+02,1.038676e+02,5.590000e+00,7.269611e-01,4.260651e-02,1
RSN1510_CHICHI_TCU075-N.AT2,3.608427e+01,0,4.335000e+00,2.908683e-01,2.226886e-01,0
RSN1510_CHICHI_TCU075-V.AT2,5.092995e+01,4.817443e+01,3.420000e+00,4.186161e-01,1.851585e-01,1
RSN1511_CHICHI_TCU076-E.AT2,5.185051e+01,4.871027e+01,3.675000e+00,4.473094e-01,7.150303e-02,1
RSN1511_CHICHI_TCU076-N.AT2,5.976981e+01,0,6.545000e+00,3.017599e-01,6.931071e-02,0
RSN1511_CHICHI_TCU076-V.AT2,3.223528e+01,0,2.770000e+00,1.493348e-01,8.058787e-02,0
RSN1512_CHICHI_TCU078-E.AT2,4.023621e+01,0,1.015000e+00,9.682512e-02,1.053382e-01,0
RSN1512_CHICHI_TCU078-N.AT2,3.164139e+01,0,1.335000e+00,1.350654e-01,7.534783e-02,0
RSN1513_CHICHI_TCU079-E.AT2,7.055559e+01,0,6.750000e-01,2.003780e-01,1.654983e-01,0
RSN1513_CHICHI_TCU079-N.AT2,3.370948e+01,0,1.135000e+00,1.986426e-01,1.063363e-01,0
RSN1515_CHICHI_TCU082-E.AT2,5.492326e+01,4.408695e+01,1.171500e+01,6.744935e-01,6.717291e-02,1
RSN1515_CHICHI_TCU082-N.AT2,4.077418e+01,3.342483e+01,9.930000e+00,1.614511e-01,3.566212e-01,1
RSN1515_CHICHI_TCU082-V.AT2,3.495107e+01,3.322658e+01,4.740000e+00,3.403161e-01,2.082534e-01,1
RSN1517_CHICHI_TCU084-E.AT2,1.288389e+02,0,1.715000e+00,2.811570e-01,8.217221e-02,0
RSN1517_CHICHI_TCU084-N.AT2,4.811445e+01,0,3.395000e+00,1.262650e-01,1.309741e-01,0
RSN1519_CHICHI_TCU087-E.AT2,4.502310e+01,3.491535e+01,9.840000e+00,5.699152e-01,2.453268e-01,1
RSN1519_CHICHI_TCU087-N.AT2,4.048625e+01,4.009985e+01,4.285000e+00,5.429376e-01,9.260515e-02,1
RSN1519_CHICHI_TCU087-V.AT2,5.838630e+01,5.842853e+01,5.525000e+00,8.362737e-01,7.052802e-02,1
RSN1520_CHICHI_TCU088-N.AT2,3.478838e+01,1.300720e+01,1.237000e+01,5.658431e-01,6.354084e-02,1
RSN1521_CHICHI_TCU089-E.AT2,3.499621e+01,0,4.730000e+00,1.179034e-01,2.045578e-01,0
RSN1521_CHICHI_TCU089-N.AT2,3.315320e+01,0,3.855000e+00,1.646046e-01,1.653895e-01,0
RSN1527_CHICHI_TCU100-E.AT2,3.803876e+01,2.428573e+01,1.347500e+01,4.774159e-01,1.169844e-01,1
RSN1527_CHICHI_TCU100-N.AT2,4.294336e+01,4.257897e+01,6.685000e+00,3.677882e-01,1.351833e-01,1
RSN1527_CHICHI_TCU100-V.AT2,3.953237e+01,3.953654e+01,4.715000e+00,5.845143e-01,1.342527e-01,1
RSN1528_CHICHI_TCU101-E.AT2,7.681390e+01,5.847934e+01,9.895000e+00,7.207973e-01,3.150857e-02,1
RSN1528_CHICHI_TCU101-N.AT2,5.097429e+01,4.135082e+01,5.900000e+00,4.668569e-01,2.309567e-01,1
RSN1528_CHICHI_TCU101-V.AT2,4.670350e+01,4.277288e+01,4.925000e+00,7.372778e-01,7.638766e-02,1
RSN1529_CHICHI_TCU102-E.AT2,9.172360e+01,7.161028e+01,9.305000e+00,5.341188e-01,7.065723e-02,1
RSN1529_CHICHI_TCU102-N.AT2,6.642871e+01,0,4.710000e+00,3.052641e-01,1.317007e-01,0
RSN1529_CHICHI_TCU102-V.AT2,6.842881e+01,4.202176e+01,5.990000e+00,4.760341e-01,7.427199e-02,1
RSN1530_CHICHI_TCU103-E.AT2,7.025488e+01,6.959864e+01,6.025000e+00,6.559154e-01,1.567914e-01,1
RSN1530_CHICHI_TCU103-V.AT2,6.090099e+01,5.620887e+01,5.745000e+00,7.429214e-01,6.838222e-02,1
RSN1531_CHICHI_TCU104-E.AT2,3.097605e+01,2.522816e+01,1.065500e+01,4.239733e-01,9.255196e-02,1
RSN1531_CHICHI_TCU104-N.AT2,4.748855e+01,4.855372e+01,6.630000e+00,4.149975e-01,3.087704e-01,2
RSN1532_CHICHI_TCU105-E.AT2,3.298592e+01,2.916136e+01,5.760000e+00,3.496444e-01,1.356204e-01,1
RSN1532_CHICHI_TCU105-N.AT2,4.256695e+01,3.236026e+01,8.990000e+00,3.335802e-01,1.902743e-01,1
RSN1533_CHICHI_TCU106-E.AT2,3.837664e+01,3.196519e+01,7.185000e+00,1.466417e-01,3.317924e-01,1
RSN1533_CHICHI_TCU106-N.AT2,3.827821e+01,0,4.220000e+00,1.763481e-01,9.672289e-02,0
RSN1534_CHICHI_TCU107-E.AT2,3.417590e+01,0,7.460000e+00,1.318920e-01,2.399801e-01,0
RSN1534_CHICHI_TCU107-N.AT2,4.512443e+01,0,5.080000e+00,1.361247e-01,2.024980e-01,0
RSN1535_CHICHI_TCU109-E.AT2,5.689342e+01,4.679100e+01,6.765000e+00,3.720110e-01,1.982503e-01,2
RSN1535_CHICHI_TCU109-N.AT2,5.641760e+01,0,3.820000e+00,3.031049e-01,7.076170e-02,0
RSN1536_CHICHI_TCU110-E.AT2,5.659112e+01,0,2.670000e+00,2.584277e-01,1.504269e-01,0
RSN1536_CHICHI_TCU110-N.AT2,4.874858e+01,0,2.040000e+00,1.018417e-01,1.115962e-01,0
RSN1536_CHICHI_TCU110-V.AT2,3.266885e+01,0,5.970000e+00,1.964451e-01,1.455997e-01,0
RSN1537_CHICHI_TCU111-E.AT2,5.332082e+01,5.390044e+01,4.855000e+00,3.519371e-01,1.857282e-01,1
RSN1537_CHICHI_TCU111-N.AT2,3.217740e+01,0,5.360000e+00,1.481175e-01,1.341198e-01,0
RSN1538_CHICHI_TCU112-E.AT2,3.586379e+01,0,3.660000e+00,2.191758e-01,1.909385e-01,0
RSN1538_CHICHI_TCU112-N.AT2,4.024417e+01,0,3.835000e+00,2.575795e-01,1.526999e-01,0
RSN1540_CHICHI_TCU115-E.AT2,4.868947e+01,4.779347e+01,4.310000e+00,3.993502e-01,1.754566e-01,1
RSN1540_CHICHI_TCU115-N.AT2,4.253038e+01,0,5.085000e+00,2.517776e-01,1.859699e-01,0
RSN1541_CHICHI_TCU116-E.AT2,4.213796e+01,2.901664e+01,9.310000e+00,3.339366e-01,1.063260e-01,1
RSN1541_CHICHI_TCU116-N.AT2,5.227627e+01,0,7.045000e+00,2.662085e-01,8.931264e-02,0
RSN1541_CHICHI_TCU116-V.AT2,3.416502e+01,0,5.420000e+00,3.052067e-01,2.002638e-01,0
RSN1542_CHICHI_TCU117-E.AT2,5.629264e+01,4.670830e+01,5.690000e+00,3.795152e-01,1.562474e-01,1
RSN1542_CHICHI_TCU117-N.AT2,5.659645e+01,5.831137e+01,4.875000e+00,3.384487e-01,1.016499e-01,1
RSN1543_CHICHI_TCU118-N.AT2,3.574517e+01,0,6.850000e+00,1.569033e-01,2.878043e-01,0
RSN1545_CHICHI_TCU120-E.AT2,5.982462e+01,0,8.335000e+00,2.935477e-01,1.303665e-01,0
RSN1545_CHICHI_TCU120-N.AT2,3.465470e+01,3.202955e+01,5.655000e+00,3.645472e-01,1.186188e-01,1
RSN1545_CHICHI_TCU120-V.AT2,3.530034e+01,0,3.720000e+00,2.271254e-01,1.500709e-01,0
RSN1546_CHICHI_TCU122-E.AT2,4.215110e+01,3.502997e+01,8.940000e+00,4.050498e-01,1.858652e-01,1
RSN1546_CHICHI_TCU122-N.AT2,4.354281e+01,0,6.800000e+00,3.089194e-01,7.690021e-02,0
RSN1546_CHICHI_TCU122-V.AT2,4.110160e+01,3.705180e+01,6.340000e+00,3.767358e-01,1.905348e-01,2
RSN1547_CHICHI_TCU123-E.AT2,4.787112e+01,0,4.770000e+00,2.048682e-01,7.741937e-02,0
RSN1547_CHICHI_TCU123-N.AT2,3.669177e+01,0,3.295000e+00,2.021714e-01,1.062486e-01,0
RSN1548_CHICHI_TCU128-E.AT2,6.375697e+01,6.247972e+01,7.500000e+00,6.422218e-01,2.495010e-01,1
RSN1548_CHICHI_TCU128-N.AT2,6.265197e+01,5.994644e+01,4.630000e+00,6.318712e-01,1.169269e-01,1
RSN1548_CHICHI_TCU128-V.AT2,4.489489e+01,4.458390e+01,3.600000e+00,4.364115e-01,1.607311e-01,1
RSN1549_CHICHI_TCU129-E.AT2,6.282789e+01,0,6.930000e+00,1.965973e-01,3.009890e-01,0
RSN1549_CHICHI_TCU129-N.AT2,5.295587e+01,0,7.660000e+00,3.026392e-01,8.173531e-02,0
RSN1549_CHICHI_TCU129-V.AT2,3.884732e+01,0,6.630000e+00,2.213460e-01,4.246346e-02,0
RSN1550_CHICHI_TCU136-N.AT2,5.146588e+01,4.869359e+01,7.232000e+00,4.863658e-01,3.906071e-02,1
RSN1550_CHICHI_TCU136-V.AT2,3.332939e+01,3.114570e+01,5.228000e+00,5.243994e-01,1.175746e-01,1
RSN1550_CHICHI_TCU136-W.AT2,4.544715e+01,3.984900e+01,8.656000e+00,6.272515e-01,6.866671e-02,1
RSN1551_CHICHI_TCU138-N.AT2,3.899603e+01,0,1.988000e+00,1.313203e-01,1.195462e-01,0
RSN1551_CHICHI_TCU138-W.AT2,3.568405e+01,0,4.316000e+00,1.911695e-01,1.702972e-01,0
RSN1553_CHICHI_TCU141-W.AT2,4.583980e+01,4.534212e+01,4.676000e+00,3.355798e-01,1.383548e-01,1
RSN158_IMPVALL.H_H-AEP045.AT2,4.280898e+01,3.739989e+01,1.830000e+00,4.104397e-01,2.683587e-01,2
RSN159_IMPVALL.H_H-AGR003.AT2,3.533448e+01,3.246187e+01,1.950000e+00,5.616727e-01,7.838962e-02,1
RSN159_IMPVALL.H_H-AGR273.AT2,4.181937e+01,3.993350e+01,2.010000e+00,5.823407e-01,9.237001e-02,1
RSN1602_DUZCE_BOL000.AT2,5.594588e+01,0,5.810000e+00,1.963459e-01,2.526941e-01,0
RSN1602_DUZCE_BOL090.AT2,6.593600e+01,6.621365e+01,9.200000e-01,5.151449e-01,5.237159e-02,1
RSN1605_DUZCE_DZC180.AT2,7.119499e+01,5.303492e+01,5.630000e+00,3.162871e-01,3.834340e-01,2
RSN1605_DUZCE_DZC270.AT2,8.427080e+01,8.379072e+01,2.685000e+00,4.672338e-01,2.509890e-01,1
RSN160_IMPVALL.H_H-BCR140.AT2,4.676144e+01,0,8.750000e-01,2.472384e-01,2.369036e-01,0
RSN160_IMPVALL.H_H-BCR230.AT2,4.494543e+01,0,1.375000e+00,1.515705e-01,1.297531e-01,0
RSN1617_DUZCE_375-N.AT2,3.769195e+01,0,4.000000e-01,8.864558e-02,7.692404e-02,0
RSN161_IMPVALL.H_H-BRA225.AT2,3.660927e+01,3.518386e+01,3.950000e+00,6.366294e-01,1.918133e-01,1
RSN161_IMPVALL.H_H-BRA315.AT2,4.094236e+01,2.160793e+01,8.285000e+00,3.745520e-01,8.412548e-02,1
RSN1628_STELIAS_059V2180.AT2,3.487486e+01,0,2.005000e+00,2.509891e-01,2.018175e-01,0
RSN1633_MANJIL_ABBAR--L.AT2,4.324764e+01,0,2.980000e+00,2.754124e-01,6.809419e-02,0
RSN1633_MANJIL_ABBAR--T.AT2,5.271531e+01,0,2.300000e+00,2.383381e-01,2.115402e-01,0
RSN1633_MANJIL_ABBAR--V.AT2,4.326627e+01,3.127354e+01,4.120000e+00,5.448208e-01,4.760035e-02,1
RSN169_IMPVALL.H_H-DLT352.AT2,3.301993e+01,0,1.910000e+00,1.028005e-01,5.261646e-02,0
RSN170_IMPVALL.H_H-ECC002.AT2,3.844146e+01,0,2.620000e+00,3.093959e-01,2.192146e-01,0
RSN170_IMPVALL.H_H-ECC092.AT2,7.340660e+01,5.947182e+01,5.810000e+00,6.865611e-01,9.080613e-02,1
RSN171_IMPVALL.H_H-EMO000.AT2,7.295997e+01,5.772366e+01,4.210000e+00,7.356527e-01,4.095379e-02,1
RSN171_IMPVALL.H_H-EMO270.AT2,9.262415e+01,8.481415e+01,3.180000e+00,7.061125e-01,1.221865e-01,1
RSN173_IMPVALL.H_H-E10050.AT2,5.069003e+01,4.793942e+01,5.060000e+00,6.167286e-01,2.183061e-01,1
RSN173_IMPVALL.H_H-E10320.AT2,4.638666e+01,4.516575e+01,2.075000e+00,5.376743e-01,2.149086e-01,1
RSN174_IMPVALL.H_H-E11140.AT2,3.603151e+01,2.926394e+01,5.675000e+00,2.544784e-01,4.093180e-01,2
RSN174_IMPVALL.H_H-E11230.AT2,4.461931e+01,2.717395e+01,6.375000e+00,4.657614e-01,4.197748e-02,1
RSN1752_NWCHINA3_JIA270.AT2,3.533028e+01,3.492016e+01,1.100000e+00,7.008881e-01,1.107517e-01,1
RSN1787_HECTOR_HEC090.AT2,4.481690e+01,3.224852e+01,2.280000e+00,3.333194e-01,1.055887e-01,1
RSN178_IMPVALL.H_H-E03140.AT2,4.798079e+01,4.417150e+01,2.540000e+00,5.448570e-01,1.468887e-01,1
RSN178_IMPVALL.H_H-E03230.AT2,4.329976e+01,3.812108e+01,5.150000e+00,6.637020e-01,9.341441e-02,1
RSN179_IMPVALL.H_H-E04140.AT2,3.965758e+01,0,1.550000e+00,1.882211e-01,2.206336e-01,0
RSN179_IMPVALL.H_H-E04230.AT2,8.042311e+01,8.174972e+01,5.075000e+00,8.998118e-01,2.527754e-02,1
RSN180_IMPVALL.H_H-E05-UP.AT2,3.954849e+01,1.524432e+01,5.375000e+00,4.273017e-01,1.099379e-01,1
RSN180_IMPVALL.H_H-E05140.AT2,4.892523e+01,4.361292e+01,6.395000e+00,3.668537e-01,3.720084e-01,2
RSN180_IMPVALL.H_H-E05230.AT2,9.691741e+01,9.529179e+01,4.520000e+00,8.375775e-01,3.349093e-02,1
RSN181_IMPVALL.H_H-E06-UP.AT2,6.408232e+01,3.335847e+01,4.430000e+00,4.197497e-01,1.217742e-01,1
RSN181_IMPVALL.H_H-E06140.AT2,6.702139e+01,5.385600e+01,2.815000e+00,7.077745e-01,4.186275e-02,1
RSN181_IMPVALL.H_H-E06230.AT2,1.135544e+02,1.099984e+02,3.820000e+00,8.965949e-01,2.757847e-02,1
RSN182_IMPVALL.H_H-E07140.AT2,5.168844e+01,4.820277e+01,3.440000e+00,5.994525e-01,1.554602e-01,1
RSN182_IMPVALL.H_H-E07230.AT2,1.131481e+02,9.470729e+01,3.785000e+00,7.843638e-01,1.120023e-01,1
RSN183_IMPVALL.H_H-E08140.AT2,5.449794e+01,4.243501e+01,4.070000e+00,4.700675e-01,1.495510e-01,1
RSN183_IMPVALL.H_H-E08230.AT2,5.208595e+01,4.191167e+01,4.390000e+00,7.477751e-01,7.133712e-02,1
RSN184_IMPVALL.H_H-EDA270.AT2,7.560046e+01,4.636691e+01,6.625000e+00,7.370778e-01,2.904556e-02,1
RSN184_IMPVALL.H_H-EDA360.AT2,4.095280e+01,0,1.820000e+00,3.057194e-01,1.299849e-01,0
RSN185_IMPVALL.H_H-HVP225.AT2,5.315338e+01,4.877652e+01,6.305000e+00,7.614537e-01,4.509193e-02,1
RSN185_IMPVALL.H_H-HVP315.AT2,5.146462e+01,2.347293e+01,7.055000e+00,3.561597e-01,9.749595e-02,1
RSN20_NCALIF.FH_H-FRN044.AT2,3.607381e+01,3.472597e+01,2.080000e+00,5.391565e-01,1.209217e-01,1
RSN2114_DENALI_PS10-047.AT2,1.157344e+02,6.349041e+01,3.295000e+00,4.113528e-01,2.528032e-01,2
RSN2114_DENALI_PS10-317.AT2,6.596481e+01,4.802302e+01,3.755000e+00,4.974223e-01,2.020797e-01,1
RSN2114_DENALI_PS10-UP.AT2,5.113245e+01,4.985980e+01,3.110000e+00,5.976930e-01,2.638919e-01,1
RSN2457_CHICHI.03_CHY024E.AT2,3.308522e+01,3.195309e+01,2.725000e+00,5.592975e-01,1.371734e-01,1
RSN2461_CHICHI.03_CHY028E.AT2,3.060718e+01,2.662589e+01,1.525000e+00,4.239854e-01,1.630908e-01,1
RSN2495_CHICHI.03_CHY080E.AT2,6.998972e+01,7.054067e+01,1.130000e+00,6.052457e-01,2.047443e-01,1
RSN250_MAMMOTH.L_L-LUL000.AT2,3.033826e+01,3.078040e+01,5.700000e-01,4.433766e-01,7.031784e-02,1
RSN250_MAMMOTH.L_L-LUL090.AT2,3.413579e+01,3.326734e+01,1.215000e+00,5.062441e-01,7.973425e-02,1
RSN2627_CHICHI.03_TCU076E.AT2,5.875747e+01,5.763334e+01,1.040000e+00,6.857401e-01,1.812052e-01,1
RSN2628_CHICHI.03_TCU078E.AT2,5.634488e+01,3.318924e+01,2.740000e+00,5.797672e-01,6.856851e-02,1
RSN2655_CHICHI.03_TCU122E.AT2,3.010948e+01,2.714175e+01,2.645000e+00,4.667148e-01,2.562078e-01,1
RSN2658_CHICHI.03_TCU129E.AT2,3.656226e+01,1.858183e+01,4.635000e+00,4.927320e-01,2.178689e-01,1
RSN265_VICT_CPE045.AT2,3.362583e+01,0,1.170000e+00,2.107138e-01,1.955198e-01,0
RSN2734_CHICHI.04_CHY074E.AT2,3.288184e+01,3.013230e+01,1.785000e+00,3.520288e-01,1.342296e-01,1
RSN2734_CHICHI.04_CHY074N.AT2,4.351722e+01,2.662999e+01,3.005000e+00,4.077990e-01,2.094840e-01,2
RSN285_ITALY_A-BAG270.AT2,3.470581e+01,3.481232e+01,1.827000e+00,5.555289e-01,1.561201e-01,1
RSN292_ITALY_A-STU000.AT2,3.698623e+01,3.441533e+01,2.148000e+00,3.823001e-01,3.251500e-01,2
RSN292_ITALY_A-STU270.AT2,7.195703e+01,6.878947e+01,3.396000e+00,7.706998e-01,8.203014e-02,1
RSN316_WESMORL_PTS225.AT2,5.558276e+01,4.849557e+01,2.815000e+00,2.925905e-01,3.031464e-01,2
RSN316_WESMORL_PTS315.AT2,3.270565e+01,0,7.615000e+00,2.170144e-01,4.621616e-02,0
RSN319_WESMORL_WSM090.AT2,4.415823e+01,4.210509e+01,1.330000e+00,4.633718e-01,1.966934e-01,1
RSN319_WESMORL_WSM180.AT2,3.584278e+01,3.499218e+01,4.155000e+00,2.992717e-01,3.154637e-01,2
RSN338_COALINGA.H_H-Z14000.AT2,3.493852e+01,0,1.140000e+00,2.683166e-01,2.689565e-01,0
RSN3473_CHICHI.06_TCU078E.AT2,4.034200e+01,3.728245e+01,8.050000e-01,5.259445e-01,1.092286e-01,1
RSN3473_CHICHI.06_TCU078N.AT2,3.475443e+01,0,1.030000e+00,2.987437e-01,1.796163e-01,0
RSN3474_CHICHI.06_TCU079E.AT2,5.077078e+01,4.999140e+01,6.600000e-01,3.676703e-01,8.716433e-02,1
RSN3474_CHICHI.06_TCU079N.AT2,3.293340e+01,0,1.460000e+00,1.557694e-01,1.190726e-01,0
RSN3475_CHICHI.06_TCU080N.AT2,3.612898e+01,2.714192e+01,1,4.668954e-01,7.596833e-02,1
RSN3548_LOMAP_LEX000.AT2,8.583526e+01,8.347865e+01,1.190000e+00,6.528187e-01,1.983172e-01,1
RSN3548_LOMAP_LEX090.AT2,9.585706e+01,8.370825e+01,1.260000e+00,6.316237e-01,9.206224e-02,1
RSN367_COALINGA.H_H-PVB045.AT2,3.940222e+01,0,1.180000e+00,3.148565e-01,1.392454e-01,0
RSN368_COALINGA.H_H-PVY045.AT2,6.053388e+01,0,7.700000e-01,1.343860e-01,2.944917e-01,0
RSN368_COALINGA.H_H-PVY135.AT2,3.926790e+01,0,8.000000e-01,1.213930e-01,2.458619e-01,0
RSN3744_CAPEMEND_BNH270.AT2,6.787635e+01,6.183670e+01,5.205000e+00,7.386071e-01,1.148302e-01,1
RSN3744_CAPEMEND_BNH360.AT2,4.833869e+01,2.449394e+01,4.090000e+00,4.081110e-01,1.276505e-01,1
RSN3746_CAPEMEND_CBF270.AT2,4.954641e+01,4.499788e+01,1.715000e+00,4.704407e-01,1.935675e-01,1
RSN3746_CAPEMEND_CBF360.AT2,5.122022e+01,4.366779e+01,2.380000e+00,5.661103e-01,1.351776e-01,1
RSN3748_CAPEMEND_FFS270.AT2,8.959483e+01,8.867110e+01,1.485000e+00,4.319180e-01,2.337611e-01,1
RSN3748_CAPEMEND_FFS360.AT2,5.223091e+01,5.061978e+01,1.155000e+00,4.657606e-01,1.322884e-01,1
RSN3749_CAPEMEND_FFT270.AT2,3.391658e+01,2.867832e+01,3.550000e+00,4.710538e-01,1.095268e-01,1
RSN3749_CAPEMEND_FFT360.AT2,3.807068e+01,0,5.600000e+00,2.916741e-01,6.443620e-02,0
RSN3750_CAPEMEND_LFS270.AT2,3.553132e+01,3.130684e+01,5.200000e+00,3.846435e-01,2.137550e-01,2
RSN3750_CAPEMEND_LFS360.AT2,3.008189e+01,0,1.805000e+00,2.845347e-01,1.653011e-01,0
RSN3947_TOTTORI_SMNH01EW.AT2,3.549781e+01,2.888268e+01,3.525000e+00,5.679170e-01,8.769300e-02,1
RSN3947_TOTTORI_SMNH01NS.AT2,3.566027e+01,0,1.885000e+00,1.927314e-01,1.489331e-01,0
RSN3964_TOTTORI_TTR007NS.AT2,4.286224e+01,0,5.140000e+00,2.285531e-01,2.401982e-01,0
RSN3965_TOTTORI_TTR008EW.AT2,5.424014e+01,5.389535e+01,1.430000e+00,4.356210e-01,2.944477e-01,1
RSN3965_TOTTORI_TTR008NS.AT2,3.552928e+01,0,8.700000e-01,2.168868e-01,1.889183e-01,0
RSN3966_TOTTORI_TTR009NS.AT2,3.991050e+01,1.516718e+01,7.440000e+00,4.591880e-01,1.059371e-01,1
RSN3968_TOTTORI_TTRH02EW.AT2,8.661516e+01,8.166333e+01,9.550000e-01,3.853241e-01,1.519882e-01,1
RSN3968_TOTTORI_TTRH02NS.AT2,1.221506e+02,1.233006e+02,9.550000e-01,4.530489e-01,1.691363e-01,1
RSN3968_TOTTORI_TTRH02UD.AT2,5.747115e+01,0,8.700000e-01,3.102961e-01,1.627272e-01,0
RSN4031_SANSIMEO_36695090.AT2,3.925384e+01,0,1.325000e+00,2.400071e-01,1.052830e-01,0
RSN4040_BAM_BAM-L.AT2,1.241453e+02,1.192491e+02,2.795000e+00,7.461756e-01,1.162628e-01,1
RSN4040_BAM_BAM-T.AT2,6.020420e+01,5.868792e+01,1.705000e+00,7.508564e-01,4.116231e-02,1
RSN4040_BAM_BAM-V.AT2,4.009208e+01,2.785620e+01,1.320000e+00,4.239204e-01,1.077861e-01,1
RSN4070_PARK2004_JOAQU111.AT2,3.060163e+01,0,7.300000e-01,2.604386e-01,2.134442e-01,0
RSN407_COALINGA_D-OLC270.AT2,4.000436e+01,3.274346e+01,6.100000e-01,3.397290e-01,1.546768e-01,1
RSN4097_PARK2004_SCN360.AT2,5.318337e+01,5.163297e+01,8.350000e-01,4.620744e-01,2.876355e-01,1
RSN4098_PARK2004_C01090.AT2,4.018674e+01,3.586438e+01,1.225000e+00,7.130164e-01,6.169988e-02,1
RSN4098_PARK2004_C01360.AT2,3.931768e+01,3.044585e+01,1.340000e+00,5.971103e-01,1.087477e-01,1
RSN4100_PARK2004_C02090.AT2,6.396714e+01,5.660333e+01,1.035000e+00,7.003810e-01,6.301133e-02,1
RSN4100_PARK2004_C02360.AT2,4.483107e+01,3.438668e+01,1.155000e+00,4.393103e-01,1.844484e-01,1
RSN4102_PARK2004_C03360.AT2,3.782952e+01,3.699413e+01,1.010000e+00,6.675210e-01,1.135213e-01,1
RSN4103_PARK2004_C04090.AT2,3.234254e+01,3.165950e+01,7.500000e-01,4.942353e-01,4.519562e-02,1
RSN4107_PARK2004_COW090.AT2,6.381347e+01,0,1.070000e+00,3.075922e-01,9.459113e-02,0
RSN4107_PARK2004_COW360.AT2,8.139816e+01,7.966969e+01,1.035000e+00,6.708744e-01,9.824504e-02,1
RSN4115_PARK2004_PRK090.AT2,3.989097e+01,3.947640e+01,1.305000e+00,4.809619e-01,1.853613e-01,1
RSN4115_PARK2004_PRK360.AT2,4.690211e+01,4.688223e+01,1.280000e+00,6.451456e-01,6.386367e-02,1
RSN4116_PARK2004_Z14090.AT2,8.362328e+01,7.517334e+01,6.550000e-01,3.926057e-01,2.476895e-01,2
RSN4116_PARK2004_Z14360.AT2,4.233111e+01,4.263040e+01,8.400000e-01,5.046611e-01,9.338982e-02,1
RSN4126_PARK2004_SC1090.AT2,3.602390e+01,3.008722e+01,7.250000e-01,6.594301e-01,5.489523e-02,1
RSN4126_PARK2004_SC1360.AT2,3.985910e+01,3.435689e+01,5.100000e-01,4.785030e-01,7.096780e-02,1
RSN412_COALINGA_D-PVY045.AT2,3.752662e+01,3.281674e+01,6.400000e-01,2.992217e-01,2.765347e-01,2
RSN415_COALINGA_D-TSM270.AT2,4.748261e+01,4.799422e+01,8.100000e-01,5.231821e-01,1.674951e-01,1
RSN415_COALINGA_D-TSM360.AT2,4.775634e+01,3.493182e+01,8.450000e-01,3.603528e-01,2.106822e-01,1
RSN4207_NIIGATA_NIG017NS.AT2,4.871945e+01,0,3.640000e+00,1.678333e-01,1.627954e-01,0
RSN4208_NIIGATA_NIG018EW.AT2,3.141663e+01,0,1.920000e+00,2.466170e-01,1.868230e-01,0
RSN4209_NIIGATA_NIG019EW.AT2,1.275149e+02,0,8.700000e-01,2.801283e-01,1.589999e-01,0
RSN4209_NIIGATA_NIG019NS.AT2,9.858937e+01,0,8.000000e-01,2.407151e-01,1.222674e-01,0
RSN4210_NIIGATA_NIG020NS.AT2,3.093290e+01,0,1.260000e+00,2.296111e-01,1.538877e-01,0
RSN4211_NIIGATA_NIG021EW.AT2,4.997137e+01,0,6.300000e-01,2.427899e-01,4.669835e-02,0
RSN4211_NIIGATA_NIG021NS.AT2,5.454657e+01,0,3.700000e-01,1.037848e-01,1.024769e-01,0
RSN4218_NIIGATA_NIG028EW.AT2,4.134837e+01,0,7.300000e-01,1.963608e-01,2.598088e-01,0
RSN4218_NIIGATA_NIG028NS.AT2,3.140512e+01,0,1.495000e+00,8.562570e-02,1.375304e-01,0
RSN4219_NIIGATA_NIGH01EW.AT2,6.200929e+01,0,7.300000e-01,2.687291e-01,2.614933e-01,0
RSN4219_NIIGATA_NIGH01NS.AT2,6.058280e+01,0,1.170000e+00,2.803300e-01,5.928620e-02,0
RSN4228_NIIGATA_NIGH11EW.AT2,5.814623e+01,5.084136e+01,8.350000e-01,4.349729e-01,4.507158e-02,1
RSN4228_NIIGATA_NIGH11NS.AT2,3.652319e+01,0,9.500000e-01,2.736292e-01,1.206592e-01,0
RSN4352_UBMARCHE.P_A-NCR000.AT2,3.266295e+01,2.691350e+01,7.350000e-01,4.436750e-01,6.676171e-02,1
RSN4451_MONTENE.GRO_BSO000.AT2,4.128790e+01,4.205607e+01,1.060000e+00,3.389482e-01,1.301441e-01,1
RSN4451_MONTENE.GRO_BSO090.AT2,5.289401e+01,4.964450e+01,1.560000e+00,4.744267e-01,6.367489e-02,1
RSN4456_MONTENE.GRO_PHO000.AT2,3.868470e+01,0,6.400000e-01,1.873582e-01,1.486477e-01,0
RSN4458_MONTENE.GRO_ULO000.AT2,4.360271e+01,4.250664e+01,1.690000e+00,3.428106e-01,1.772771e-01,1
RSN4458_MONTENE.GRO_ULO090.AT2,5.164139e+01,4.921805e+01,3.450000e+00,5.379703e-01,9.147671e-02,1
RSN4480_L-AQUILA_GX066XTE.AT2,4.049779e+01,4.221411e+01,7.600000e-01,5.084507e-01,5.713647e-02,1
RSN4480_L-AQUILA_GX066YLN.AT2,4.285597e+01,3.540086e+01,5.350000e-01,3.725751e-01,1.052684e-01,1
RSN4481_L-AQUILA_FA030XTE.AT2,3.125305e+01,3.097690e+01,1.015000e+00,5.144804e-01,9.903800e-02,1
RSN4481_L-AQUILA_FA030YLN.AT2,3.596284e+01,3.202788e+01,9.400000e-01,3.829849e-01,1.721976e-01,1
RSN4482_L-AQUILA_CU104XTE.AT2,3.206377e+01,3.001542e+01,9.300000e-01,5.933457e-01,8.978149e-02,1
RSN4483_L-AQUILA_AM043XTE.AT2,3.242533e+01,3.038256e+01,1.870000e+00,3.486947e-01,1.378625e-01,1
RSN4483_L-AQUILA_AM043YLN.AT2,3.642731e+01,3.595746e+01,4.700000e+00,4.586308e-01,7.096186e-02,1
RSN451_MORGAN_CYC195.AT2,5.291260e+01,5.185464e+01,9.550000e-01,5.541703e-01,1.316359e-01,1
RSN451_MORGAN_CYC285.AT2,7.849984e+01,7.809957e+01,8.500000e-01,6.514124e-01,1.142128e-01,1
RSN459_MORGAN_G06090.AT2,3.649449e+01,3.604832e+01,1.055000e+00,5.484387e-01,1.070228e-01,1
RSN461_MORGAN_HVR240.AT2,3.936591e+01,2.323661e+01,1.265000e+00,3.559844e-01,1.062279e-01,1
RSN4847_CHUETSU_65010EW.AT2,8.915262e+01,5.701927e+01,2.400000e+00,3.256337e-01,1.905672e-01,1
RSN4847_CHUETSU_65010NS.AT2,4.898846e+01,3.181922e+01,5.220000e+00,3.206388e-01,1.121444e-01,1
RSN4849_CHUETSU_65012EW.AT2,3.864952e+01,0,1.970000e+00,2.152991e-01,1.817077e-01,0
RSN4849_CHUETSU_65012NS.AT2,4.394082e+01,0,2.080000e+00,1.701331e-01,1.680276e-01,0
RSN4850_CHUETSU_65013EW.AT2,4.762810e+01,4.423207e+01,1.200000e+00,3.474511e-01,3.712616e-02,1
RSN4850_CHUETSU_65013NS.AT2,5.195514e+01,4.121835e+01,1.580000e+00,3.385471e-01,1.834929e-01,1
RSN4853_CHUETSU_65019EW.AT2,4.043735e+01,0,1.110000e+00,1.860922e-01,1.010597e-01,0
RSN4853_CHUETSU_65019NS.AT2,3.486588e+01,0,1.600000e+00,1.520490e-01,6.207678e-02,0
RSN4856_CHUETSU_65025EW.AT2,9.556258e+01,9.817030e+01,2.220000e+00,5.260539e-01,2.387828e-01,1
RSN4856_CHUETSU_65025NS.AT2,9.476868e+01,9.090235e+01,2.610000e+00,5.832179e-01,2.633110e-01,1
RSN4861_CHUETSU_65034EW.AT2,3.000382e+01,0,9.200000e-01,8.774098e-02,7.716423e-02,0
RSN4861_CHUETSU_65034NS.AT2,3.251007e+01,0,1.710000e+00,2.260407e-01,1.007783e-01,0
RSN4863_CHUETSU_65036EW.AT2,3.092627e+01,0,1.180000e+00,1.168916e-01,1.157133e-01,0
RSN4863_CHUETSU_65036NS.AT2,3.563851e+01,0,9.800000e-01,1.289926e-01,1.482594e-01,0
RSN4864_CHUETSU_65037NS.AT2,3.080939e+01,0,1.210000e+00,1.854207e-01,8.331820e-02,0
RSN4865_CHUETSU_65038EW.AT2,3.089765e+01,0,1.370000e+00,2.265703e-01,6.691731e-02,0
RSN4865_CHUETSU_65038NS.AT2,3.536430e+01,0,1.270000e+00,1.816326e-01,8.198030e-02,0
RSN4866_CHUETSU_65039EW.AT2,3.514240e+01,0,2.670000e+00,2.742944e-01,1.615335e-01,0
RSN4866_CHUETSU_65039NS.AT2,3.862622e+01,0,1.040000e+00,2.725757e-01,6.200163e-02,0
RSN4868_CHUETSU_65041EW.AT2,3.569547e+01,0,7.200000e-01,9.324134e-02,1.186948e-01,0
RSN4868_CHUETSU_65041NS.AT2,3.190829e+01,0,6.500000e-01,1.654077e-01,1.208158e-01,0
RSN4873_CHUETSU_65056NS.AT2,5.430826e+01,0,1.510000e+00,2.013940e-01,9.130159e-02,0
RSN4874_CHUETSU_65057EW.AT2,7.919964e+01,0,6.700000e-01,2.895697e-01,1.246066e-01,0
RSN4874_CHUETSU_65057NS.AT2,5.029052e+01,0,6.500000e-01,2.183715e-01,9.513059e-02,0
RSN4875_CHUETSU_65058EW.AT2,1.026257e+02,1.032661e+02,2.680000e+00,5.178926e-01,1.658241e-01,1
RSN4875_CHUETSU_65058NS.AT2,1.220002e+02,0,2.940000e+00,3.137483e-01,1.863563e-01,0
RSN4875_CHUETSU_65058UD.AT2,3.539263e+01,0,1.970000e+00,2.305775e-01,2.272347e-01,0
RSN4876_CHUETSU_65059EW.AT2,6.717749e+01,0,9.900000e-01,2.022406e-01,1.338956e-01,0
RSN4876_CHUETSU_65059NS.AT2,7.359391e+01,0,9.800000e-01,1.658349e-01,1.888158e-01,0
RSN4879_CHUETSU_65084EW.AT2,3.380131e+01,3.329849e+01,1.270000e+00,4.411609e-01,1.013560e-01,1
RSN4879_CHUETSU_65084NS.AT2,3.501166e+01,3.419833e+01,1.320000e+00,3.567543e-01,2.340559e-01,1
RSN4886_CHUETSU_6CB51EW.AT2,4.856923e+01,0,2.780000e+00,2.194363e-01,7.649602e-02,0
RSN4886_CHUETSU_6CB51NS.AT2,4.332448e+01,0,1.060000e+00,2.156408e-01,2.305410e-01,0
RSN4894_CHUETSU_1-G1EW.AT2,1.363644e+02,1.127217e+02,2.320000e+00,3.741063e-01,1.634783e-01,1
RSN4894_CHUETSU_1-G1NS.AT2,1.104740e+02,1.097864e+02,1.030000e+00,3.878614e-01,2.393789e-01,2
RSN4894_CHUETSU_1-G1UD.AT2,3.541258e+01,0,1.830000e+00,9.293706e-02,1.603772e-01,0
RSN4895_CHUETSU_5-G1EW.AT2,9.237908e+01,0,2.060000e+00,2.314196e-01,1.719250e-01,0
RSN4895_CHUETSU_5-G1NS.AT2,6.513418e+01,5.754232e+01,4.570000e+00,3.390198e-01,1.621530e-01,1
RSN4896_CHUETSU_SG01EW.AT2,1.252707e+02,1.251312e+02,2.190000e+00,4.120768e-01,1.435712e-01,1
RSN4896_CHUETSU_SG01NS.AT2,9.004170e+01,8.961276e+01,2.080000e+00,4.130128e-01,1.017040e-01,1
RSN4896_CHUETSU_SG01UD.AT2,4.611319e+01,0,1.560000e+00,1.723281e-01,1.422653e-01,0
RSN495_NAHANNI_S1-UP.AT2,4.118406e+01,3.574049e+01,9.800000e-01,3.962144e-01,3.006962e-01,2
RSN495_NAHANNI_S1010.AT2,4.392188e+01,0,7.425000e-01,2.882332e-01,1.871944e-01,0
RSN495_NAHANNI_S1280.AT2,4.062075e+01,0,9.575000e-01,2.174379e-01,1.879087e-01,0
RSN5264_CHUETSU_NIG018EW.AT2,8.388117e+01,8.399969e+01,2.210000e+00,5.119295e-01,2.389217e-01,1
RSN5264_CHUETSU_NIG018NS.AT2,1.093504e+02,1.095758e+02,2.610000e+00,5.747731e-01,2.284652e-01,1
RSN5265_CHUETSU_NIG019EW.AT2,4.646372e+01,0,5.900000e-01,2.269749e-01,7.672013e-02,0
RSN527_PALMSPR_MVH045.AT2,3.104719e+01,3.084692e+01,1.300000e+00,4.530399e-01,2.506743e-01,2
RSN527_PALMSPR_MVH135.AT2,4.000165e+01,3.982700e+01,1.980000e+00,5.429091e-01,1.612991e-01,1
RSN529_PALMSPR_NPS210.AT2,6.602027e+01,5.920954e+01,1.225000e+00,7.282356e-01,1.004106e-01,1
RSN540_PALMSPR_WWT180.AT2,3.854671e+01,3.200653e+01,7.150000e-01,3.735887e-01,3.179830e-01,2
RSN540_PALMSPR_WWT270.AT2,3.076467e+01,2.875365e+01,5.450000e-01,3.624051e-01,2.864756e-01,2
RSN5482_IWATE_AKTH04EW.AT2,8.232670e+01,0,4.400000e-01,1.630798e-01,8.956364e-02,0
RSN5482_IWATE_AKTH04NS.AT2,5.301215e+01,0,5.200000e-01,1.440445e-01,1.515177e-01,0
RSN5482_IWATE_AKTH04UD.AT2,3.386474e+01,0,8.170000e+00,1.195216e-01,4.519659e-02,0
RSN558_CHALFANT.A_A-ZAK270.AT2,3.688712e+01,0,1.645000e+00,2.336249e-01,1.964229e-01,0
RSN558_CHALFANT.A_A-ZAK360.AT2,4.474630e+01,4.279169e+01,8.650000e-01,2.464010e-01,3.235605e-01,2
RSN564_GREECE_H-KAL-NS.AT2,3.350638e+01,2.015942e+01,2.500800e+00,5.003739e-01,5.106226e-02,1
RSN5656_IWATE_IWTH24NS.AT2,3.756754e+01,0,3.240000e+00,2.700458e-01,1.206701e-01,0
RSN5657_IWATE_IWTH25EW.AT2,6.272718e+01,0,1.170000e+00,1.930720e-01,8.905162e-02,0
RSN5657_IWATE_IWTH25NS.AT2,7.282270e+01,0,7.940000e+00,1.873505e-01,1.270634e-01,0
RSN5657_IWATE_IWTH25UD.AT2,8.367094e+01,4.298121e+01,6.890000e+00,3.884952e-01,6.397350e-02,1
RSN5658_IWATE_IWTH26EW.AT2,4.291239e+01,0,9.500000e-01,7.415303e-02,6.529512e-02,0
RSN5658_IWATE_IWTH26NS.AT2,5.843521e+01,3.961210e+01,3.140000e+00,4.644887e-01,1.522267e-01,1
RSN5663_IWATE_MYG004EW.AT2,4.020811e+01,0,3.960000e+00,2.127846e-01,1.277007e-01,0
RSN5663_IWATE_MYG004NS.AT2,4.544174e+01,3.749906e+01,3.620000e+00,4.124885e-01,5.351347e-02,1
RSN5664_IWATE_MYG005EW.AT2,3.319295e+01,0,1.830000e+00,9.953586e-02,3.588113e-02,0
RSN5664_IWATE_MYG005NS.AT2,6.962096e+01,0,2.770000e+00,2.209571e-01,1.708189e-01,0
RSN568_SANSALV_GIC090.AT2,7.993472e+01,7.221292e+01,1.630000e+00,5.657743e-01,1.396003e-01,1
RSN568_SANSALV_GIC180.AT2,6.235164e+01,5.944500e+01,9.600000e-01,5.921054e-01,2.849358e-01,1
RSN569_SANSALV_NGI180.AT2,5.638227e+01,4.596037e+01,2.050000e+00,6.112432e-01,5.851399e-02,1
RSN569_SANSALV_NGI270.AT2,7.300786e+01,7.128933e+01,8.700000e-01,6.697021e-01,5.804315e-02,1
RSN5774_IWATE_54008NS.AT2,3.364723e+01,3.278096e+01,3,4.088040e-01,1.319095e-01,1
RSN5780_IWATE_54015EW.AT2,3.698274e+01,0,1.310000e+00,9.223762e-02,1.278886e-01,0
RSN5780_IWATE_54015NS.AT2,4.909728e+01,4.872122e+01,2.720000e+00,4.962999e-01,1.394746e-01,1
RSN5810_IWATE_56362EW.AT2,3.999331e+01,3.910559e+01,3.440000e+00,4.433152e-01,2.271174e-01,1
RSN5813_IWATE_44B71NS.AT2,3.391773e+01,0,2.770000e+00,2.217896e-01,1.246752e-01,0
RSN5818_IWATE_48A61EW.AT2,4.887437e+01,0,2.640000e+00,1.869462e-01,1.458959e-01,0
RSN5818_IWATE_48A61NS.AT2,4.307571e+01,0,3.940000e+00,2.364757e-01,1.796027e-01,0
RSN5823_SIERRA.MEX_CHI000.AT2,3.834758e+01,0,8.985000e+00,2.269787e-01,2.843762e-01,0
RSN5823_SIERRA.MEX_CHI090.AT2,3.399531e+01,0,6.200000e+00,2.292971e-01,1.947252e-01,0
RSN5825_SIERRA.MEX_GEO000.AT2,4.207966e+01,0,3.345000e+00,1.745597e-01,1.627660e-01,0
RSN5825_SIERRA.MEX_GEO090.AT2,4.957613e+01,0,2.975000e+00,1.166018e-01,1.119045e-01,0
RSN5827_SIERRA.MEX_MDO000.AT2,6.158302e+01,0,3.460000e+00,1.814431e-01,2.204841e-01,0
RSN5827_SIERRA.MEX_MDO090.AT2,4.354056e+01,0,6.715000e+00,1.188863e-01,1.347888e-01,0
RSN5829_SIERRA.MEX_RII000.AT2,5.245320e+01,0,8.375000e+00,2.876268e-01,2.052480e-01,0
RSN5829_SIERRA.MEX_RII090.AT2,3.787005e+01,0,8.220000e+00,9.534415e-02,1.893670e-01,0
RSN5831_SIERRA.MEX_SAL000.AT2,4.571303e+01,0,6.255000e+00,9.973575e-02,2.080627e-01,0
RSN5831_SIERRA.MEX_SAL090.AT2,3.678403e+01,0,8.585000e+00,2.052048e-01,1.162563e-01,0
RSN5832_SIERRA.MEX_TAM000.AT2,3.497208e+01,0,8.745000e+00,1.348757e-01,1.370122e-01,0
RSN5832_SIERRA.MEX_TAM090.AT2,5.281708e+01,5.149343e+01,6.920000e+00,4.699508e-01,1.029776e-01,1
RSN5837_SIERRA.MEX_01711-90.AT2,4.764798e+01,0,6.900000e+00,2.049060e-01,1.988205e-01,0
RSN5837_SIERRA.MEX_01711360.AT2,4.747609e+01,0,8.850000e-01,9.678211e-02,9.644247e-02,0
RSN585_BAJA_CPE161.AT2,4.643865e+01,3.370038e+01,1.925000e+00,4.590772e-01,1.268929e-01,1
RSN585_BAJA_CPE251.AT2,5.539909e+01,0,7.000000e-01,2.150832e-01,2.557604e-01,0
RSN5975_SIERRA.MEX_CXO090.AT2,4.047635e+01,0,5.945000e+00,2.093380e-01,1.869872e-01,0
RSN5975_SIERRA.MEX_CXO360.AT2,3.837375e+01,0,4.555000e+00,1.802102e-01,1.327156e-01,0
RSN5985_SIERRA.MEX_EDA090.AT2,3.885333e+01,0,8.935000e+00,2.353888e-01,5.507085e-02,0
RSN5991_SIERRA.MEX_E10230.AT2,4.769387e+01,0,5.825000e+00,2.068133e-01,1.711221e-01,0
RSN5991_SIERRA.MEX_E10320.AT2,4.562444e+01,0,6.020000e+00,1.579515e-01,1.777137e-01,0
RSN5992_SIERRA.MEX_E11090.AT2,6.321700e+01,0,8.015000e+00,2.188398e-01,4.823381e-02,0
RSN5992_SIERRA.MEX_E11360.AT2,5.776232e+01,0,6.995000e+00,2.480165e-01,3.486966e-02,0
RSN614_WHITTIER.A_A-BIR180.AT2,3.992567e+01,3.758465e+01,8.100000e-01,7.098300e-01,1.440350e-01,1
RSN615_WHITTIER.A_A-DWN180.AT2,3.071417e+01,2.895823e+01,8.200000e-01,7.239480e-01,9.751636e-02,1
RSN645_WHITTIER.A_A-OR2010.AT2,3.146507e+01,3.056985e+01,1.040000e+00,6.862546e-01,9.490538e-02,1
RSN652_WHITTIER.A_A-DEL000.AT2,3.241420e+01,3.153262e+01,9.050000e-01,6.594715e-01,1.128686e-01,1
RSN6877_JOSHUA_5294090.AT2,5.310150e+01,5.190731e+01,8.850000e-01,6.346366e-01,1.207430e-01,1
RSN6886_DARFIELD_CACSN40E.AT2,3.410347e+01,0,7.745000e+00,2.309479e-01,3.019169e-01,0
RSN6886_DARFIELD_CACSN50W.AT2,4.744567e+01,0,7.695000e+00,2.837916e-01,1.422403e-01,0
RSN6887_DARFIELD_CBGSS01W.AT2,6.062243e+01,5.752549e+01,3.825000e+00,4.622361e-01,1.486972e-01,1
RSN6888_DARFIELD_CCCCN26W.AT2,5.917413e+01,5.711396e+01,3.575000e+00,2.857357e-01,4.701750e-01,2
RSN6888_DARFIELD_CCCCN64E.AT2,3.347885e+01,3.063168e+01,2.425000e+00,3.218861e-01,1.144818e-01,1
RSN6889_DARFIELD_CHHCN01W.AT2,6.719909e+01,6.679097e+01,3.455000e+00,4.134793e-01,2.459580e-01,2
RSN6890_DARFIELD_CMHSN10E.AT2,5.039491e+01,3.897833e+01,2.875000e+00,4.416371e-01,2.093110e-01,1
RSN6893_DARFIELD_DFHSS17E.AT2,3.998956e+01,0,4.645000e+00,2.881664e-01,1.153928e-01,0
RSN6897_DARFIELD_DSLCN27W.AT2,3.940710e+01,3.221452e+01,7.685000e+00,5.586561e-01,1.158171e-01,1
RSN6897_DARFIELD_DSLCN63E.AT2,6.728227e+01,5.691238e+01,7.680000e+00,6.078046e-01,2.183462e-01,1
RSN6906_DARFIELD_GDLCN55W.AT2,1.161239e+02,1.123862e+02,2.975000e+00,4.821975e-01,2.185952e-01,1
RSN6906_DARFIELD_GDLCS35W.AT2,1.003423e+02,8.504264e+01,2.960000e+00,4.487915e-01,1.041610e-01,1
RSN6906_DARFIELD_GDLCUP.AT2,3.837895e+01,2.654837e+01,2.925000e+00,3.425464e-01,2.980141e-02,1
RSN6911_DARFIELD_HORCN18E.AT2,1.059824e+02,1.042604e+02,1.970000e+00,4.223074e-01,2.436287e-01,1
RSN6911_DARFIELD_HORCS72E.AT2,6.986008e+01,5.364807e+01,2.710000e+00,4.929776e-01,1.224425e-01,1
RSN6911_DARFIELD_HORCUP.AT2,6.147840e+01,5.498472e+01,4.010000e+00,3.612143e-01,2.641048e-01,2
RSN6915_DARFIELD_HVSCS26W.AT2,4.235685e+01,2.731549e+01,3.255000e+00,4.142199e-01,8.090010e-02,1
RSN6927_DARFIELD_LINCN23E.AT2,1.088064e+02,8.314005e+01,5.755000e+00,7.458072e-01,9.165813e-02,1
RSN6927_DARFIELD_LINCN67W.AT2,5.695428e+01,0,2.200000e+00,2.519384e-01,1.587045e-01,0
RSN6927_DARFIELD_LINCUP.AT2,7.760430e+01,6.513125e+01,3.165000e+00,6.479062e-01,8.652140e-02,1
RSN6928_DARFIELD_LPCCS10E.AT2,3.030532e+01,2.048224e+01,8.615000e+00,7.058738e-01,2.258764e-02,1
RSN692_WHITTIER.A_A-EJS048.AT2,3.442019e+01,3.517113e+01,7.700000e-01,6.437126e-01,1.131216e-01,1
RSN692_WHITTIER.A_A-EJS318.AT2,3.158439e+01,2.691194e+01,7.650000e-01,3.663294e-01,2.343945e-01,2
RSN6942_DARFIELD_NNBSS13E.AT2,5.652119e+01,4.517138e+01,7.945000e+00,5.677688e-01,1.073914e-01,1
RSN6952_DARFIELD_PPHSS33W.AT2,5.127801e+01,0,3.230000e+00,2.181960e-01,1.698518e-01,0
RSN6952_DARFIELD_PPHSS57E.AT2,7.805212e+01,5.149358e+01,6.700000e+00,3.580735e-01,8.617579e-02,1
RSN6953_DARFIELD_PRPCS.AT2,5.624044e+01,5.621464e+01,3.915000e+00,4.910100e-01,1.411559e-01,1
RSN6959_DARFIELD_REHSN02E.AT2,6.217944e+01,5.599858e+01,3.720000e+00,4.100059e-01,1.561684e-01,1
RSN6960_DARFIELD_RHSCN86W.AT2,3.054701e+01,0,5.585000e+00,2.869189e-01,1.703481e-01,0
RSN6960_DARFIELD_RHSCS04W.AT2,6.272235e+01,5.987178e+01,7.485000e+00,3.390051e-01,3.478766e-01,2
RSN6962_DARFIELD_ROLCS29E.AT2,8.575429e+01,7.881003e+01,6.655000e+00,8.138695e-01,9.343683e-02,1
RSN6962_DARFIELD_ROLCS61W.AT2,5.701874e+01,0,1.710000e+00,2.737500e-01,2.607713e-01,0
RSN6966_DARFIELD_SHLCS40W.AT2,3.760231e+01,2.411869e+01,8.095000e+00,3.341390e-01,6.037824e-02,1
RSN6966_DARFIELD_SHLCS50E.AT2,5.783723e+01,5.622513e+01,3.905000e+00,3.821025e-01,3.010502e-01,2
RSN6969_DARFIELD_SMTCN88W.AT2,3.869440e+01,0,6.545000e+00,3.077308e-01,1.329193e-01,0
RSN6969_DARFIELD_SMTCS02W.AT2,6.016216e+01,0,4.085000e+00,2.376394e-01,9.907288e-02,0
RSN6975_DARFIELD_TPLCN27W.AT2,7.633307e+01,7.123648e+01,7.305000e+00,3.582503e-01,2.667605e-01,2
RSN6975_DARFIELD_TPLCS63W.AT2,4.581093e+01,4.039703e+01,6.610000e+00,5.004100e-01,1.887956e-01,1
RSN6_IMPVALL.I_I-ELC180.AT2,3.103160e+01,0,1.840000e+00,2.339319e-01,1.771049e-01,0
RSN6_IMPVALL.I_I-ELC270.AT2,3.136225e+01,0,3.830000e+00,1.214735e-01,2.567573e-01,0
RSN721_SUPER.B_B-ICC000.AT2,4.807517e+01,0,1.065000e+00,1.867099e-01,7.292532e-02,0
RSN721_SUPER.B_B-ICC090.AT2,4.180269e+01,0,2.430000e+00,2.453893e-01,1.563927e-01,0
RSN728_SUPER.B_B-WSM180.AT2,3.233675e+01,0,2.880000e+00,1.255540e-01,2.374245e-01,0
RSN729_SUPER.B_B-IVW090.AT2,3.167030e+01,0,4.285000e+00,2.510963e-01,2.972048e-01,0
RSN729_SUPER.B_B-IVW360.AT2,3.621329e+01,0,3.085000e+00,1.216948e-01,1.361307e-01,0
RSN737_LOMAP_AGW000.AT2,3.352112e+01,2.711962e+01,6.850000e+00,4.434304e-01,1.718317e-01,1
RSN741_LOMAP_BRN000.AT2,5.140665e+01,0,8.900000e-01,2.385441e-01,9.331926e-02,0
RSN741_LOMAP_BRN090.AT2,4.451539e+01,0,5.950000e-01,2.259387e-01,1.960805e-01,0
RSN752_LOMAP_CAP000.AT2,3.803566e+01,0,1.110000e+00,2.232791e-01,1.068804e-01,0
RSN753_LOMAP_CLS000.AT2,5.599291e+01,0,8.600000e-01,1.768684e-01,9.644243e-02,0
RSN753_LOMAP_CLS090.AT2,4.757851e+01,0,7.100000e-01,2.663508e-01,1.684040e-01,0
RSN755_LOMAP_CYC285.AT2,4.057139e+01,0,6.550000e-01,2.594313e-01,2.135444e-01,0
RSN763_LOMAP_GIL067.AT2,3.109525e+01,2.693279e+01,1.195000e+00,5.037387e-01,8.433971e-02,1
RSN764_LOMAP_GOF160.AT2,4.339768e+01,4.119796e+01,1.365000e+00,6.689708e-01,6.181652e-02,1
RSN765_LOMAP_G01000.AT2,3.367076e+01,0,4.050000e-01,2.946623e-01,2.366050e-01,0
RSN765_LOMAP_G01090.AT2,3.253184e+01,2.732458e+01,1.245000e+00,4.046374e-01,1.541953e-01,1
RSN766_LOMAP_G02000.AT2,3.476831e+01,0,1.385000e+00,3.124172e-01,1.923281e-01,0
RSN766_LOMAP_G02090.AT2,4.040764e+01,4.101632e+01,1.750000e+00,5.188895e-01,2.288528e-01,1
RSN767_LOMAP_G03000.AT2,3.632584e+01,0,2.755000e+00,1.263869e-01,1.323967e-01,0
RSN767_LOMAP_G03090.AT2,4.543799e+01,4.182093e+01,2.405000e+00,6.307735e-01,7.391881e-02,1
RSN768_LOMAP_G04000.AT2,4.016634e+01,0,1.525000e+00,1.946242e-01,1.695471e-01,0
RSN768_LOMAP_G04090.AT2,3.886499e+01,0,1.505000e+00,3.195065e-01,1.658397e-01,0
RSN776_LOMAP_HSP000.AT2,6.300082e+01,0,2.585000e+00,2.844715e-01,6.529692e-02,0
RSN776_LOMAP_HSP090.AT2,3.090817e+01,0,5.065000e+00,3.134432e-01,1.096162e-01,0
RSN777_LOMAP_HCH090.AT2,3.891103e+01,0,5.470000e+00,1.087027e-01,3.159049e-01,0
RSN777_LOMAP_HCH180.AT2,4.552745e+01,0,2.550000e+00,3.142418e-01,1.142998e-01,0
RSN778_LOMAP_HDA165.AT2,4.426474e+01,3.533904e+01,2.395000e+00,4.102589e-01,2.153427e-01,1
RSN778_LOMAP_HDA255.AT2,3.581144e+01,0,2.065000e+00,9.760995e-02,1.575040e-01,0
RSN779_LOMAP_LGP-UP.AT2,5.600364e+01,3.019904e+01,4.030000e+00,5.315415e-01,1.091344e-01,1
RSN779_LOMAP_LGP000.AT2,9.618774e+01,9.036938e+01,2.610000e+00,4.787103e-01,2.016887e-01,1
RSN779_LOMAP_LGP090.AT2,5.161183e+01,0,7.050000e-01,2.276314e-01,1.621719e-01,0
RSN77_SFERN_PUL164.AT2,1.145026e+02,1.062087e+02,1.290000e+00,4.471504e-01,2.714340e-01,1
RSN77_SFERN_PUL254.AT2,5.743199e+01,4.625010e+01,1.710000e+00,1.797511e-01,3.585035e-01,1
RSN77_SFERN_PULDWN.AT2,5.939665e+01,4.553244e+01,3.210000e+00,4.988895e-01,2.572336e-01,1
RSN802_LOMAP_STG000.AT2,4.159190e+01,3.770632e+01,1.400000e+00,3.545959e-01,1.057371e-01,1
RSN802_LOMAP_STG090.AT2,4.598372e+01,3.522738e+01,6.120000e+00,6.500822e-01,1.574400e-01,1
RSN8063_CCHURCH_CBGSN89W.AT2,5.663675e+01,0,2.915000e+00,1.731555e-01,2.522243e-01,0
RSN8063_CCHURCH_CBGSS01W.AT2,4.680171e+01,0,2.600000e+00,2.865888e-01,9.194872e-02,0
RSN8064_CCHURCH_CCCCN26W.AT2,5.450625e+01,0,1.240000e+00,1.652212e-01,1.782778e-01,0
RSN8064_CCHURCH_CCCCN64E.AT2,6.825920e+01,6.870566e+01,1.540000e+00,3.697753e-01,8.681141e-02,1
RSN8066_CCHURCH_CHHCN01W.AT2,5.744018e+01,4.079477e+01,3.070000e+00,3.583324e-01,1.055230e-01,1
RSN8066_CCHURCH_CHHCS89W.AT2,6.126477e+01,0,3.075000e+00,2.054549e-01,2.578210e-01,0
RSN8067_CCHURCH_CMHSN10E.AT2,4.753387e+01,4.794275e+01,1.275000e+00,5.024410e-01,2.900646e-01,1
RSN8067_CCHURCH_CMHSS80E.AT2,4.051544e+01,4.018672e+01,1.460000e+00,3.090915e-01,3.705508e-01,2
RSN806_LOMAP_SVL270.AT2,3.869948e+01,3.781908e+01,2.955000e+00,3.437440e-01,9.667957e-02,1
RSN806_LOMAP_SVL360.AT2,3.702686e+01,3.613777e+01,3.130000e+00,3.406127e-01,1.137161e-01,1
RSN8090_CCHURCH_HPSCS86W.AT2,4.915391e+01,4.933036e+01,5.460000e+00,6.657066e-01,8.863586e-02,1
RSN8090_CCHURCH_HPSCUP.AT2,3.536524e+01,0,2.130000e+00,2.680992e-01,1.122857e-01,0
RSN8118_CCHURCH_PPHSS33W.AT2,3.761912e+01,0,2.020000e+00,2.051337e-01,1.020617e-01,0
RSN8118_CCHURCH_PPHSS57E.AT2,4.874747e+01,3.964856e+01,3.220000e+00,3.926916e-01,2.586451e-01,1
RSN8119_CCHURCH_PRPCS.AT2,8.130970e+01,6.124951e+01,3.730000e+00,5.703440e-01,1.484302e-01,1
RSN8119_CCHURCH_PRPCUP.AT2,5.075643e+01,0,2.505000e+00,1.527012e-01,2.464136e-01,0
RSN8119_CCHURCH_PRPCW.AT2,9.665729e+01,7.524616e+01,4.665000e+00,7.106100e-01,4.400687e-02,1
RSN811_LOMAP_WAH090.AT2,3.816237e+01,0,1.005000e+00,2.316640e-01,1.450307e-01,0
RSN8123_CCHURCH_REHSN02E.AT2,4.825562e+01,0,1.350000e+00,2.170868e-01,9.775022e-02,0
RSN8123_CCHURCH_REHSS88E.AT2,8.657242e+01,8.636247e+01,1.345000e+00,4.117878e-01,2.592867e-01,1
RSN8124_CCHURCH_RHSCN86W.AT2,3.353151e+01,2.914433e+01,3.820000e+00,5.510296e-01,9.924181e-02,1
RSN8130_CCHURCH_SHLCS40W.AT2,7.485883e+01,0,1.285000e+00,1.809654e-01,1.986790e-01,0
RSN8130_CCHURCH_SHLCS50E.AT2,7.537373e+01,7.430549e+01,3.020000e+00,6.009843e-01,4.385749e-02,1
RSN8134_CCHURCH_SMTCN88W.AT2,3.559025e+01,3.535891e+01,1.335000e+00,3.724650e-01,1.513647e-01,1
RSN8157_CCHURCH_HVSCS26W.AT2,1.009265e+02,8.454024e+01,9.200000e-01,3.441312e-01,2.383786e-01,2
RSN8157_CCHURCH_HVSCS64E.AT2,6.124089e+01,0,4.950000e-01,1.899849e-01,1.487170e-01,0
RSN8157_CCHURCH_HVSCUP.AT2,4.035816e+01,2.097187e+01,4.775000e+00,5.041667e-01,3.371522e-02,1
RSN8158_CCHURCH_LPCCN10W.AT2,4.033197e+01,2.321131e+01,3.870000e+00,4.658073e-01,1.329304e-01,1
RSN8158_CCHURCH_LPCCS80W.AT2,4.153094e+01,0,1.385000e+00,2.949381e-01,5.503281e-02,0
RSN8161_SIERRA.MEX_E12090.AT2,7.016215e+01,6.005687e+01,6.725000e+00,3.603435e-01,3.046409e-01,2
RSN8161_SIERRA.MEX_E12360.AT2,7.261239e+01,5.090822e+01,7.445000e+00,4.023199e-01,1.196915e-01,1
RSN8164_DUZCE_487-NS.AT2,3.894981e+01,1.733841e+01,8.220000e+00,4.751212e-01,3.938862e-02,1
RSN8165_DUZCE_496-EW.AT2,3.967606e+01,0,1.896000e+00,1.120457e-01,1.290883e-01,0
RSN8165_DUZCE_496-NS.AT2,4.025744e+01,0,9.200000e+00,5.559053e-02,1.362707e-01,0
RSN821_ERZINCAN_ERZ-EW.AT2,7.818690e+01,7.517372e+01,1.665000e+00,3.404926e-01,3.899569e-01,2
RSN821_ERZINCAN_ERZ-NS.AT2,1.071626e+02,9.774428e+01,2.100000e+00,7.936292e-01,2.600674e-02,1
RSN825_CAPEMEND_CPM-UP.AT2,5.891219e+01,5.471789e+01,5.160000e+00,8.332140e-01,8.947437e-02,1
RSN825_CAPEMEND_CPM000.AT2,1.226311e+02,5.919222e+01,3.720000e+00,6.176110e-01,8.033246e-02,1
RSN825_CAPEMEND_CPM090.AT2,4.249139e+01,3.782240e+01,2.400000e+00,4.684294e-01,1.506755e-01,1
RSN828_CAPEMEND_PET000.AT2,4.955514e+01,0,7.200000e-01,2.671985e-01,1.375886e-01,0
RSN828_CAPEMEND_PET090.AT2,8.897608e+01,8.668174e+01,2.340000e+00,5.657633e-01,2.522353e-01,1
RSN848_LANDERS_CLW-TR.AT2,4.342895e+01,0,1.220700e+00,1.850299e-01,1.090649e-01,0
RSN8606_SIERRA.MEX_CIWESHNE.AT2,5.205641e+01,5.286717e+01,6.680000e+00,4.068728e-01,1.513266e-01,1
RSN8606_SIERRA.MEX_CIWESHNN.AT2,5.531404e+01,4.591241e+01,6.020000e+00,5.081833e-01,2.613942e-02,1
RSN864_LANDERS_JOS090.AT2,4.295780e+01,0,1.660000e+00,1.470333e-01,1.464731e-01,0
RSN879_LANDERS_LCN-UP.AT2,4.108998e+01,2.316074e+01,4.860000e+00,4.833622e-01,2.302487e-01,1
RSN879_LANDERS_LCN260.AT2,1.336066e+02,7.461330e+01,9.795000e+00,6.601762e-01,7.375431e-02,1
RSN900_LANDERS_YER270.AT2,5.118156e+01,3.634218e+01,7.440000e+00,5.527342e-01,9.297589e-02,1
RSN901_BIGBEAR_BLC360.AT2,3.466938e+01,0,4.700000e-01,2.563568e-01,1.292621e-01,0
RSN949_NORTHR_ARL090.AT2,4.136655e+01,0,9.800000e-01,2.567880e-01,5.024254e-02,0
RSN952_NORTHR_MU2125.AT2,3.145145e+01,0,5.700000e-01,2.363248e-01,5.719680e-02,0
RSN953_NORTHR_MUL009.AT2,5.931733e+01,5.939218e+01,1.240000e+00,4.788400e-01,8.261503e-02,1
RSN953_NORTHR_MUL279.AT2,6.683239e+01,6.566716e+01,1.200000e+00,4.443190e-01,1.077662e-01,1
RSN959_NORTHR_CNP106.AT2,3.382476e+01,0,2.240000e+00,2.285882e-01,1.069610e-01,0
RSN959_NORTHR_CNP196.AT2,6.342272e+01,5.854270e+01,1.820000e+00,2.735875e-01,3.288560e-01,2
RSN95_MANAGUA_A-ESO180.AT2,3.074873e+01,0,8.700000e-01,3.107052e-01,7.438530e-02,0
RSN960_NORTHR_LOS000.AT2,4.440154e+01,2.931874e+01,1.950000e+00,3.306521e-01,1.236085e-01,1
RSN960_NORTHR_LOS270.AT2,4.164228e+01,3.430339e+01,1.500000e+00,3.885571e-01,1.714723e-01,1
RSN963_NORTHR_ORR090.AT2,5.233748e+01,0,1.500000e+00,3.009725e-01,1.861555e-01,0
RSN963_NORTHR_ORR360.AT2,5.239339e+01,0,1.820000e+00,2.046654e-01,2.446945e-01,0
RSN982_NORTHR_JEN-UP.AT2,3.125710e+01,2.796122e+01,1.695000e+00,4.625485e-01,8.027610e-02,1
RSN982_NORTHR_JEN022.AT2,1.114808e+02,9.911015e+01,3.115000e+00,6.359547e-01,1.968094e-01,1
RSN982_NORTHR_JEN292.AT2,9.736497e+01,9.781045e+01,1.515000e+00,4.823422e-01,1.983948e-01,1
RSN983_NORTHR_JGB022.AT2,7.615874e+01,6.725040e+01,4.320000e+00,5.735742e-01,1.853869e-01,1
RSN983_NORTHR_JGB292.AT2,6.740101e+01,5.729475e+01,1.395000e+00,1.152777e-01,4.177867e-01,1
RSN989_NORTHR_CHL160.AT2,3.012963e+01,2.937945e+01,9.500000e-01,4.337250e-01,1.031559e-01,1
